# This file may be used to create an environment using:
# $ conda create --name <env> --file <this file>
# platform: win-64
_py-xgboost-mutex=2.0=cpu_0
bzip2=1.0.8=h8ffe710_4
ca-certificates=2021.10.8=h5b45459_0
click=8.1.2=py39hcbf5309_0
colorama=0.4.4=pyh9f0ad1d_0
flask=2.1.1=pyhd8ed1ab_0
importlib-metadata=4.11.3=py39hcbf5309_1
intel-openmp=2022.0.0=h57928b3_3663
itsdangerous=2.1.2=pyhd8ed1ab_0
jinja2=3.1.1=pyhd8ed1ab_0
joblib=1.1.0=pyhd8ed1ab_0
libblas=3.9.0=14_win64_mkl
libcblas=3.9.0=14_win64_mkl
libffi=3.4.2=h8ffe710_5
liblapack=3.9.0=14_win64_mkl
libxgboost=1.5.1=cpu_h110a20b_2
libzlib=1.2.11=h8ffe710_1014
m2w64-gcc-libgfortran=5.3.0=6
m2w64-gcc-libs=5.3.0=7
m2w64-gcc-libs-core=5.3.0=7
m2w64-gmp=6.1.0=2
m2w64-libwinpthread-git=5.0.0.4634.697f757=2
markupsafe=2.1.1=py39hb82d6ee_1
mkl=2022.0.0=h0e2418a_796
msys2-conda-epoch=20160418=1
numpy=1.22.3=py39h6331f09_2
openssl=3.0.2=h8ffe710_1
pandas=1.4.2=py39h2e25243_1
pip=22.0.4=pyhd8ed1ab_0
py-xgboost=1.5.1=cpu_py39ha538f94_2
python=3.9.12=hcf16a7b_1_cpython
python-dateutil=2.8.2=pyhd8ed1ab_0
python_abi=3.9=2_cp39
pytz=2022.1=pyhd8ed1ab_0
scikit-learn=1.0.2=py39he931e04_0
scipy=1.8.0=py39hc0c34ad_1
setuptools=62.1.0=py39hcbf5309_0
six=1.16.0=pyh6c4a22f_0
sqlite=3.38.2=h8ffe710_0
tbb=2021.5.0=h2d74725_1
threadpoolctl=3.1.0=pyh8a188c0_0
tk=8.6.12=h8ffe710_0
tzdata=2022a=h191b570_0
ucrt=10.0.20348.0=h57928b3_0
vc=14.2=hb210afc_6
vs2015_runtime=14.29.30037=h902a5da_6
werkzeug=2.1.1=pyhd8ed1ab_0
wheel=0.37.1=pyhd8ed1ab_0
xgboost=1.5.1=cpu_py39ha538f94_2
xz=5.2.5=h62dcd97_1
zipp=3.8.0=pyhd8ed1ab_0
